36.644	-24.949	8.853
36.942	-23.581	8.984
35.712	-22.887	9.526
34.626	-23.375	9.258
37.365	-23.09	7.599
37.639	-21.603	7.644
39.309	-21.106	7.226
40.241	-22.126	8.356
35.89	-21.796	10.31
34.809	-21.015	10.918
35.236	-19.557	10.931
36.39	-19.244	10.62
34.487	-21.602	12.355
35.645	-21.566	13.309
36.176	-20.496	13.515
36.013	-22.685	13.919
34.315	-18.689	11.287
34.543	-17.262	11.353
35.794	-16.849	12.198
36.53	-15.891	11.865
33.235	-16.515	11.748
33.352	-14.965	11.537
32.955	-16.849	13.22
33.729	-14.545	10.094
36.027	-17.51	13.335
37.178	-17.109	14.11
38.472	-17.46	13.428
39.418	-16.667	13.45
37.105	-17.747	15.496
35.931	-17.216	16.29
34.698	-17.879	16.239
36.093	-16.097	17.122
33.635	-17.415	17.016
35.038	-15.603	17.909
33.84	-16.322	17.873
38.539	-18.674	12.852
39.746	-19.063	12.152
39.972	-18.177	10.94
41.077	-17.723	10.662
39.688	-20.51	11.697
39.581	-21.516	12.852
39.304	-22.921	12.332
38.959	-23.197	11.183
39.436	-23.835	13.247
38.901	-17.852	10.262
39.005	-17.022	9.081
39.56	-15.643	9.431
40.488	-15.103	8.817
37.609	-16.816	8.512
37.516	-15.965	7.252
35.879	-15.37	6.964
35.734	-15.313	5.128
38.975	-15.026	10.448
39.394	-13.637	10.85
40.758	-13.64	11.465
41.506	-12.695	11.416
38.412	-12.928	11.796
37.255	-12.248	11.089
36.152	-12.03	12.119
37.67	-10.966	10.334
41.13	-14.735	12.016
42.437	-14.708	12.525
43.561	-14.829	11.51
44.663	-14.278	11.761
42.545	-15.418	13.766
43.413	-16.586	13.704
43.932	-16.533	15.116
45.118	-15.796	14.914
46.244	-15.995	15.522
46.324	-16.739	16.656
47.307	-15.408	14.944
43.206	-15.391	10.321
44.096	-15.463	9.19
44.204	-14.048	8.679
45.311	-13.54	8.505
43.651	-16.486	8.116
44.11	-17.887	8.507
44.154	-16.133	6.697
43.119	-18.912	8.024
43.055	-13.378	8.556
43.052	-12.038	7.999
43.639	-10.905	8.86
44.124	-9.871	8.384
41.631	-11.675	7.528
41.273	-12.438	6.273
42.12	-12.837	5.474
39.981	-12.662	6.156
43.517	-11.047	10.153
43.91	-9.973	11.03
45.256	-10.191	11.704
45.896	-9.244	12.07
42.822	-9.832	12.108
41.523	-9.304	11.515
41.567	-7.873	11.08
40.639	-7.35	10.575
42.661	-7.222	11.323
45.619	-11.435	12.003
46.842	-11.732	12.722
46.646	-11.611	14.243
45.528	-11.366	14.702
47.717	-11.807	15.045
47.636	-11.674	16.511
48.855	-10.895	16.958
49.956	-11.286	16.632
47.625	-13.047	17.199
47.757	-12.918	18.716
46.582	-12.127	19.269
47.723	-14.292	19.355
48.65	-9.751	17.594
49.719	-8.891	18.11
49.332	-8.458	19.519
48.233	-7.904	19.74
49.988	-7.644	17.258
50.164	-7.993	15.771
51.509	-7.562	15.207
51.409	-6.698	14.019
50.589	-6.82	12.917
49.665	-7.813	12.732
50.691	-5.857	11.957
50.272	-8.686	20.433
50.094	-8.506	21.834
50.517	-7.166	22.391
50.236	-6.857	23.555
50.7	-9.697	22.577
50.078	-11.082	22.307
50.798	-12.089	23.19
48.614	-11.146	22.716
51.151	-6.367	21.517
51.624	-5.008	21.81
50.897	-4.013	20.922
50.593	-4.398	19.788
53.127	-4.846	21.666
53.586	-3.492	22.199
54.1	-3.573	23.649
53.869	-2.285	24.479
54.538	-1.048	23.94
50.6	-2.769	21.412
49.838	-1.826	20.565
50.525	-1.664	19.218
51.771	-1.597	19.216
49.611	-0.452	21.203
48.682	-0.524	22.404
49.118	0.636	20.229
48.507	0.881	23.024
49.734	-1.602	18.1
50.311	-1.478	16.74
49.483	-0.567	15.871
48.43	-0.189	16.278
50.636	-2.85	16.033
49.389	-3.654	15.632
48.815	-3.514	14.354
48.783	-4.481	16.538
47.694	-4.256	13.979
47.626	-5.199	16.192
47.072	-5.039	14.922
45.964	-5.777	14.591
49.97	-0.171	14.706
49.159	0.616	13.774
48.649	-0.31	12.656
49.372	-1.195	12.209
49.81	1.843	13.128
50.414	2.845	14.071
51.246	3.896	13.38
51.569	4.987	14.38
52.173	6.201	13.819
47.356	-0.098	12.327
46.492	-0.568	11.219
47.212	-0.348	9.933
48.138	0.48	9.826
45.394	0.558	10.886
44.1	0.104	11.381
43.092	0.027	10.771
44.179	-0.001	12.648
46.598	-0.899	8.896
47.032	-0.616	7.55
46.794	0.859	7.295
47.442	1.458	6.426
46.084	-1.295	6.553
46.14	-2.707	6.746
46.648	-0.941	5.169
45.789	1.367	8.055
45.331	2.745	8.022
46.068	3.778	8.894
45.886	4.999	8.79
43.836	2.859	7.837
43.781	3.282	6.351
42.424	3.162	5.783
41.591	4.045	5.924
42.208	1.957	5.295
46.988	3.231	9.679
47.806	3.952	10.601
47.131	4.074	11.957
47.555	4.896	12.764
46.073	3.287	12.227
45.407	3.414	13.497
45.878	2.463	14.547
46.295	1.327	14.289
43.907	3.396	13.425
43.269	4.282	12.428
42.309	3.786	11.566
43.468	5.668	12.491
41.66	4.62	10.636
42.834	6.516	11.607
41.932	5.969	10.669
41.311	6.837	9.809
45.811	2.977	15.752
46.217	2.212	16.909
45.246	1.027	17.163
44.017	1.215	17.339
46.341	3.176	18.115
47.621	4.003	18.059
47.543	5.413	18.16
48.872	3.411	17.932
48.692	6.172	18.098
50.048	4.164	17.968
49.946	5.559	18.075
51.075	6.357	18.017
45.844	-0.174	17.21
45.143	-1.449	17.3
45.915	-2.393	18.218
47.094	-2.241	18.54
45.121	-2.043	15.808
44.614	-1.018	14.993
44.237	-3.295	15.565
45.233	-3.427	18.6
45.861	-4.47	19.352
45.108	-5.794	19.162
43.945	-5.809	18.817
45.99	-4.066	20.857
47.075	-4.924	21.533
44.621	-4.214	21.573
47.697	-4.265	22.728
45.771	-6.9	19.402
45.112	-8.193	19.436
44.859	-8.751	18.054
45.734	-8.726	17.18
43.631	-9.236	17.888
43.118	-9.716	16.628
42.253	-8.631	15.966
41.031	-8.726	15.852
42.484	-11.117	16.738
43.551	-12.083	17.297
41.984	-11.619	15.376
42.936	-13.097	18.285
42.929	-7.58	15.516
42.3	-6.477	14.82
41.339	-5.625	15.615
40.41	-5.059	15.066
41.589	-5.501	16.908
40.785	-4.672	17.814
41.27	-3.209	17.756
42.283	-2.849	18.375
40.853	-5.182	19.295
39.901	-4.337	20.122
38.553	-4.655	20.217
40.094	-3.214	20.868
37.943	-3.685	20.89
38.844	-2.812	21.307
40.59	-2.399	16.954
40.909	-0.98	16.831
40.666	-0.252	18.18
39.579	-0.34	18.783
39.918	-0.358	15.851
40.088	1.155	15.889
41.332	1.545	15.1
38.879	1.881	15.337
41.652	0.498	18.658
41.502	1.199	19.916
41.029	2.638	19.703
40.103	3.137	20.344
42.83	1.186	20.694
43.225	-0.188	21.117
44.728	-0.168	21.338
42.502	-0.445	22.425
41.692	3.343	18.789
41.353	4.75	18.543
41.784	5.193	17.179
42.735	4.701	16.662
41.973	5.724	19.62
41.335	6.951	19.433
43.516	5.914	19.576
41.116	6.136	16.602
41.559	6.676	15.336
42.486	7.898	15.51
42.947	8.476	14.528
40.38	7.117	14.512
39.64	5.917	13.962
38.759	6.303	12.799
37.737	5.225	12.474
36.913	5.54	11.282
42.675	8.292	16.774
43.494	9.379	17.322
44.987	9.119	17.251
45.494	8.069	17.604
43.137	9.622	18.793
44.102	10.383	19.527
45.7	10.16	16.905
47.111	10.083	16.709
47.977	9.862	17.948
49.167	9.509	17.816
47.464	11.262	15.838
46.21	12.039	15.567
45.074	11.324	16.232
47.398	10.001	19.166
48.246	9.79	20.366
48.288	8.389	20.853
47.27	7.815	21.168
47.747	10.541	21.606
46.642	11.291	21.182
49.484	7.933	21.057
49.711	6.669	21.672
49.112	6.779	23.07
48.828	5.785	23.739
51.237	6.57	21.828
51.912	5.219	21.755
52.964	5.172	22.829
50.949	4.067	21.953
48.991	8.006	23.565
48.506	8.08	24.913
47.004	7.828	25.026
46.521	7.154	25.947
49.016	9.271	25.72
50.47	9.142	26.189
50.898	8.151	26.859
51.24	10.177	25.826
46.265	8.365	24.043
44.838	8.147	23.904
44.605	6.653	23.686
43.671	6.094	24.193
44.234	9.02	22.801
45.513	5.985	22.998
45.384	4.57	22.716
45.567	3.72	23.935
44.855	2.749	24.209
46.306	4.117	21.6
46.558	4.089	24.694
46.815	3.362	25.929
45.676	3.417	26.934
45.377	2.488	27.679
47.963	3.993	26.626
49.078	3.019	26.603
49.979	3.401	25.484
51.211	4.114	25.973
52.113	3.218	26.746
45.072	4.559	26.969
43.997	4.821	27.861
42.724	4.06	27.446
41.961	3.568	28.259
43.891	6.336	27.963
42.565	6.796	28.087
42.528	3.909	26.149
41.438	3.134	25.602
41.672	1.678	25.917
40.76	0.958	26.252
41.348	3.313	24.094
40.674	4.629	23.683
39.273	4.798	24.249
38.369	3.988	24.131
39.052	5.995	24.704
42.925	1.249	25.818
43.316	-0.118	26.122
43.022	-0.502	27.572
42.424	-1.526	27.885
44.793	-0.365	25.811
45.163	-1.792	26.158
44.348	-2.715	25.261
46.634	-1.989	25.841
43.422	0.349	28.488
43.175	0.085	29.9
41.681	0.055	30.226
41.214	-0.763	31.034
43.893	1.149	30.73
45.356	0.849	30.765
45.881	-0.057	30.129
45.986	1.631	31.589
40.945	0.933	29.559
39.521	0.979	29.714
38.857	-0.316	29.152
37.934	-0.889	29.763
39.033	2.273	29.077
37.511	2.388	28.919
36.935	3.753	28.485
37.296	4.225	27.09
36.361	3.829	26.064
39.38	-0.816	28.018
38.875	-2.016	27.413
39.07	-3.316	28.194
38.192	-4.218	28.196
39.21	-2.118	25.945
40.247	-3.446	28.817
40.681	-4.654	29.558
40.321	-4.593	31.053
40.079	-5.602	31.73
42.238	-4.8	29.408
42.656	-5.15	27.967
42.884	-5.82	30.377
41.699	-6.141	27.304
40.312	-3.374	31.586
39.988	-3.168	32.994
41.205	-3.31	33.895
41.12	-3.744	35.018
42.363	-2.953	33.385
43.6	-3.013	34.131
44.568	-2.085	33.519
44.293	-1.455	32.53
44.18	-4.411	34.363
44.79	-5.102	33.139
45.064	-6.607	33.323
45.919	-7.179	32.282
47.107	-6.719	31.941
47.657	-5.677	32.547
47.763	-7.331	30.962
45.672	-1.954	34.164
46.74	-1.109	33.722
47.61	-1.968	32.863
48.224	-2.96	33.301
47.492	-0.62	34.936
47.196	0.829	35.046
46.036	1.223	35.302
48.194	1.604	34.637
47.579	-1.684	31.591
48.238	-2.642	30.741
49.588	-2.247	30.264
50.369	-3.131	29.978
47.35	-2.978	29.518
45.902	-3.956	29.973
49.79	-0.939	30.142
51.019	-0.384	29.671
51.236	-0.777	28.187
52.338	-1.021	27.689
52.115	-0.779	30.709
53.511	-0.187	30.508
53.669	0.965	29.997
54.527	-1.036	30.828
50.144	-0.822	27.43
50.279	-1.154	26.011
50.556	-2.642	25.706
50.872	-3.045	24.586
50.392	-3.496	26.68
50.626	-4.888	26.382
49.567	-5.736	27.012
49.211	-5.491	28.132
52.037	-5.348	26.746
52.169	-5.324	28.238
52.272	-6.799	26.39
49.033	-6.691	26.261
48.021	-7.637	26.741
48.542	-9.064	26.579
49.609	-9.26	26.023
46.598	-7.434	26.126
46.641	-7.63	24.589
45.977	-6.049	26.499
45.245	-7.765	23.969
47.793	-10.003	27.147
48.024	-11.438	27.098
47.15	-12.039	25.975
46.185	-11.431	25.499
47.633	-12.194	28.419
46.233	-12.145	28.676
48.379	-11.698	29.642
47.441	-13.285	25.627
46.723	-14.004	24.602
45.247	-14.04	24.887
44.366	-13.872	24.076
47.226	-15.426	24.506
46.814	-15.974	23.168
47.498	-17.224	22.703
46.738	-17.782	21.493
47.524	-18.739	20.657
45.053	-14.392	26.092
43.842	-14.489	26.816
42.96	-13.246	26.717
41.744	-13.327	26.551
44.416	-14.609	28.228
43.835	-15.863	28.612
42.733	-15.799	29.011
44.396	-16.937	28.077
43.574	-12.101	26.953
42.884	-10.86	26.85
42.61	-10.609	25.397
41.559	-10.068	25.066
43.736	-9.76	27.437
43.702	-9.919	28.971
44.772	-9.087	29.592
45.707	-8.627	28.949
44.57	-8.882	30.864
43.549	-11.033	24.53
43.33	-10.83	23.098
42.135	-11.643	22.604
41.317	-11.181	21.797
44.55	-11.152	22.246
42.024	-12.884	23.06
40.917	-13.658	22.574
39.597	-13.17	23.158
38.523	-13.396	22.583
41.134	-15.137	22.843
42.481	-15.503	22.259
42.705	-16.951	22.414
42.64	-17.508	23.505
42.885	-17.55	21.256
39.648	-12.581	24.359
38.416	-12.071	24.953
37.843	-10.919	24.14
36.655	-10.825	23.807
38.555	-11.689	26.402
37.233	-11.123	26.864
37.266	-10.461	28.228
37.08	-11.472	29.328
38.334	-12.23	29.492
38.734	-10.042	23.773
38.338	-8.931	22.946
37.833	-9.457	21.567
36.881	-8.931	20.995
39.514	-7.935	22.723
39.968	-7.069	23.907
41.136	-6.181	23.467
38.839	-6.159	24.358
38.448	-10.532	21.058
38.041	-11.067	19.789
36.635	-11.63	19.9
35.757	-11.338	19.09
39.048	-12.128	19.369
38.9	-12.694	17.948
39.355	-13.983	17.672
38.511	-11.896	16.868
39.422	-14.484	16.368
38.472	-12.376	15.557
38.925	-13.679	15.341
36.391	-12.451	20.919
35.027	-12.916	21.117
33.974	-11.784	21.155
32.886	-11.908	20.554
34.921	-13.782	22.383
35.488	-15.171	22.18
35.918	-15.829	23.119
35.668	-15.54	20.933
34.259	-10.696	21.891
33.293	-9.567	21.949
33.08	-8.909	20.604
31.941	-8.514	20.293
33.744	-8.417	22.853
33.796	-8.914	24.295
34.553	-8.087	25.316
34.453	-8.43	26.471
35.154	-6.951	24.972
34.192	-8.701	19.854
34.062	-8.069	18.565
33.252	-8.826	17.529
32.502	-8.201	16.778
35.38	-7.628	18
36.051	-6.632	18.898
35.493	-6.014	19.76
37.334	-6.582	18.748
33.437	-10.156	17.471
32.73	-11.019	16.523
31.207	-10.989	16.898
30.301	-10.828	16.08
33.314	-12.458	16.466
32.457	-13.339	15.598
34.718	-12.557	15.912
30.937	-11.13	18.212
29.585	-11.103	18.751
28.906	-9.79	18.383
27.764	-9.737	17.921
29.577	-11.381	20.278
28.137	-11.544	20.782
27.536	-10.689	21.421
27.498	-12.611	20.326
29.639	-8.713	18.542
29.085	-7.413	18.234
28.867	-7.271	16.73
27.896	-6.643	16.277
30.051	-6.357	18.725
29.784	-7.859	15.935
29.599	-7.795	14.47
28.286	-8.477	14.042
27.49	-7.92	13.276
30.758	-8.386	13.66
28.081	-9.696	14.523
26.903	-10.451	14.174
25.592	-9.732	14.531
24.647	-9.596	13.708
26.965	-11.817	14.815
25.602	-12.513	14.553
28.17	-12.584	14.214
25.573	-9.229	15.782
24.466	-8.429	16.33
24.237	-7.144	15.568
23.13	-6.712	15.358
24.585	-8.218	17.852
24.197	-9.554	18.561
24.255	-9.525	20.107
25.526	-8.941	20.405
25.965	-8.356	21.482
25.306	-8.408	22.645
27.186	-7.779	21.381
25.281	-6.539	15.122
25.09	-5.354	14.348
24.388	-5.631	13.008
23.561	-4.835	12.556
24.832	-6.694	12.331
24.231	-7.204	11.105
22.726	-7.418	11.322
21.915	-6.916	10.547
24.893	-8.545	10.648
26.305	-8.185	10.078
24.056	-9.15	9.485
27.177	-9.412	9.712
22.382	-8.164	12.395
21.022	-8.55	12.728
20.152	-7.387	13.077
18.976	-7.49	12.915
20.927	-9.73	13.731
21.69	-10.937	13.231
21.746	-12.05	14.273
21.01	-11.409	11.964
20.748	-6.274	13.504
20.032	-5.064	13.929
19.926	-4.047	12.803
19.312	-2.978	12.908
20.763	-4.377	15.111
20.328	-4.917	16.487
20.783	-4.043	17.686
22.246	-4.102	17.882
23.194	-3.264	17.369
22.958	-2.144	16.631
24.459	-3.589	17.639
20.608	-4.337	11.729
20.688	-3.378	10.673
19.708	-3.675	9.56
19.719	-4.783	9.052
22.153	-3.353	10.179
22.32	-2.196	9.213
21.713	-2.164	8.125
23.014	-1.162	9.665
18.875	-2.685	9.196
17.828	-2.832	8.159
18.35	-3.149	6.781
17.669	-3.75	5.965
16.998	-1.556	8.005
19.537	-2.693	6.508
20.078	-2.956	5.223
20.777	-4.281	5.173
20.807	-4.915	4.128
21.076	-1.891	4.834
20.4	-0.794	4.04
20.329	0.497	4.828
19.417	1.513	4.187
20.102	2.796	3.974
21.373	-4.683	6.295
22.226	-5.877	6.338
21.492	-7.159	6.613
21.79	-8.174	6.028
23.518	-5.765	7.22
24.42	-4.564	6.889
25.43	-4.263	8.021
25.059	-4.681	5.501
20.574	-7.11	7.547
19.808	-8.256	7.944
19.216	-9.046	6.793
19.308	-10.264	6.779
18.701	-7.849	8.882
18.313	-9.062	9.686
16.864	-9.059	10.089
16.595	-10.125	11.118
16.653	-11.471	10.532
18.558	-8.37	5.839
17.928	-9.104	4.749
18.931	-9.874	3.895
18.701	-11.028	3.492
17.141	-8.1	3.901
17.355	-6.739	4.538
18.137	-6.951	5.822
20.072	-9.245	3.637
21.084	-9.929	2.852
21.635	-11.153	3.633
21.732	-12.252	3.097
22.195	-8.934	2.495
23.274	-9.621	1.625
21.614	-7.599	1.927
21.97	-10.948	4.933
22.438	-12.006	5.811
21.507	-13.228	5.832
21.915	-14.399	5.749
22.594	-11.49	7.255
23.375	-12.472	8.096
22.723	-13.443	8.878
24.768	-12.432	8.147
23.409	-14.285	9.747
25.481	-13.249	9.039
24.81	-14.177	9.829
25.505	-15.048	10.611
20.235	-12.946	5.985
19.237	-13.999	6.06
19.136	-14.78	4.776
18.787	-15.973	4.825
17.835	-13.445	6.411
17.658	-13.005	7.833
16.814	-12.209	8.145
18.539	-13.493	8.666
19.402	-14.095	3.655
19.306	-14.741	2.372
20.465	-15.64	2.057
20.355	-16.47	1.176
19.153	-13.737	1.229
20.418	-13.104	0.911
21.601	-15.483	2.749
22.809	-16.208	2.4
22.972	-17.568	3.035
22.457	-17.794	4.134
24.037	-15.367	2.858
24.257	-14.043	2.065
25.394	-13.206	2.749
24.583	-14.338	0.563
23.772	-18.43	2.396
24.181	-19.712	3.002
25.269	-19.495	4.115
25.746	-18.368	4.308
24.754	-20.6	1.907
25.94	-19.975	1.23
27.089	-20.114	1.607
25.611	-19.356	0.138
25.682	-20.563	4.848
26.585	-20.421	5.996
27.955	-19.852	5.713
28.436	-19.002	6.484
26.607	-21.649	6.907
28.565	-20.309	4.601
29.891	-19.818	4.245
29.832	-18.351	3.847
30.641	-17.556	4.308
30.631	-20.683	3.193
32.028	-20.098	2.833
30.754	-22.081	3.779
28.892	-17.992	2.977
28.811	-16.606	2.538
28.482	-15.67	3.692
28.898	-14.492	3.765
27.918	-16.437	1.346
28.407	-17.192	0.143
27.484	-16.881	-1.021
28.031	-17.282	-2.316
27.819	-18.5	-2.858
27.06	-19.409	-2.226
28.349	-18.811	-4.065
27.755	-16.226	4.648
27.455	-15.491	5.872
28.759	-15.055	6.576
28.868	-13.879	7.023
26.597	-16.311	6.816
25.125	-16.098	6.571
24.282	-17.111	7.326
22.908	-16.84	6.992
21.918	-17.626	7.333
22.168	-18.689	8.09
20.678	-17.38	6.863
29.757	-15.967	6.595
31.04	-15.616	7.184
31.754	-14.463	6.477
32.433	-13.676	7.161
32.008	-16.785	7.291
31.458	-18.024	8.445
31.599	-14.379	5.122
32.228	-13.319	4.322
31.634	-11.944	4.644
32.314	-10.92	4.734
32.119	-13.606	2.822
30.345	-11.899	4.91
29.774	-10.62	5.228
30.19	-10.23	6.644
30.45	-9.062	6.906
28.201	-10.706	5.127
27.364	-9.406	5.276
27.649	-8.444	4.119
25.847	-9.664	5.44
30.235	-11.198	7.531
30.694	-10.905	8.904
32.122	-10.279	8.9
32.402	-9.286	9.648
30.628	-12.096	9.856
29.17	-12.615	10.072
31.274	-11.718	11.222
29.173	-13.961	10.848
32.988	-10.864	8.021
34.368	-10.442	7.836
34.442	-8.948	7.442
35.183	-8.141	8.08
35.067	-11.378	6.811
36.606	-11.332	6.763
37.317	-12.385	6.809
37.123	-10.109	6.585
33.646	-8.594	6.401
33.577	-7.186	5.962
33.157	-6.232	7.105
33.708	-5.115	7.279
32.586	-6.974	4.793
33.065	-7.628	3.51
32.008	-7.321	2.076
32.407	-5.58	1.803
32.096	-6.647	7.819
31.566	-5.862	8.954
32.615	-5.668	10.062
32.842	-4.571	10.523
30.19	-6.31	9.479
29.836	-5.455	10.694
29.068	-6.159	8.422
33.361	-6.71	10.395
34.425	-6.655	11.369
35.509	-5.624	10.924
35.957	-4.793	11.671
34.998	-8.106	11.473
36.013	-8.235	12.583
37.359	-7.874	12.387
35.621	-8.658	13.844
38.28	-8.024	13.426
36.556	-8.888	14.856
37.905	-8.531	14.667
35.898	-5.654	9.654
36.939	-4.786	9.098
36.485	-3.352	8.996
37.165	-2.441	9.376
37.401	-5.256	7.718
38.699	-4.565	7.261
39.133	-4.87	5.835
38.537	-5.719	5.174
40.198	-4.201	5.36
35.339	-3.159	8.405
34.831	-1.863	8.091
33.691	-1.234	8.846
33.406	-0.084	8.648
34.829	-1.688	6.543
33.655	-2.187	5.682
34.161	-2.369	3.928
35.891	-2.017	4.203
33.082	-1.961	9.74
31.929	-1.505	10.462
30.669	-1.577	9.6
30.686	-1.522	8.392
29.549	-1.627	10.282
28.172	-1.758	9.787
27.881	-0.76	8.701
27.288	-1.04	7.649
27.23	-1.353	10.916
26.413	-2.354	11.733
25.144	-1.641	12.254
24.649	-0.699	11.662
24.588	-2.111	13.373
28.251	0.458	9.052
28.038	1.617	8.217
28.749	1.506	6.898
28.124	1.616	5.835
28.374	2.871	8.995
27.496	2.818	10.059
28.034	4.085	8.181
30.045	1.226	6.996
30.848	1.038	5.818
30.24	0.022	4.857
30.084	0.306	3.681
29.917	-1.162	5.351
29.404	-2.205	4.523
28.006	-1.881	3.985
27.702	-2.184	2.814
29.445	-3.556	5.257
28.786	-4.66	4.396
30.868	-3.961	5.745
27.155	-1.22	4.819
25.783	-0.877	4.369
25.788	0.11	3.201
24.779	0.287	2.524
24.879	-0.378	5.493
26.951	0.718	2.974
27.172	1.595	1.846
27.464	0.85	0.522
27.502	1.455	-0.541
27.704	-0.445	0.562
27.92	-1.181	-0.653
26.572	-1.632	-1.264
26.4	-2.764	-1.642
28.794	-2.401	-0.378
30.255	-2.128	-0.169
31.204	-2.847	-0.906
30.701	-1.138	0.679
32.579	-2.624	-0.745
32.077	-0.946	0.901
33.014	-1.718	0.212
25.662	-0.69	-1.438
24.314	-0.809	-1.959
24.113	-1.786	-3.073
23.298	-2.722	-3.01
23.847	0.543	-2.486
23.837	1.459	-1.437
22.426	0.359	-2.915
24.855	-1.522	-4.139
24.741	-2.328	-5.355
25.24	-3.785	-5.207
24.685	-4.748	-5.778
25.366	-1.584	-6.596
24.801	-0.165	-6.919
23.572	0.033	-6.966
25.682	0.827	-7.192
26.334	-3.953	-4.488
26.806	-5.312	-4.33
25.873	-6.092	-3.455
25.799	-7.28	-3.637
28.167	-5.487	-3.681
29.068	-4.508	-4.121
25.285	-5.435	-2.427
24.386	-6.084	-1.462
23.191	-6.698	-2.192
22.794	-7.855	-1.971
23.907	-5.122	-0.323
25.004	-4.615	0.625
24.437	-3.607	1.641
25.768	-5.782	1.264
22.675	-5.857	-3.084
21.584	-6.091	-4.016
21.867	-7.339	-4.858
21.146	-8.334	-4.913
21.493	-4.811	-4.821
20.119	-4.304	-5.175
19.798	-4.672	-6.614
20.178	-3.659	-7.607
21.402	-3.337	-8.113
22.583	-3.86	-7.735
21.434	-2.38	-9.043
23.023	-7.345	-5.451
23.463	-8.512	-6.241
23.667	-9.786	-5.408
23.425	-10.898	-5.857
24.783	-8.217	-6.99
24.555	-7.348	-8.215
26.126	-6.698	-8.777
25.816	-4.911	-8.832
24.194	-9.642	-4.203
24.325	-10.82	-3.352
22.923	-11.36	-3.008
22.728	-12.564	-3.009
25.14	-10.604	-2.033
26.636	-10.269	-2.164
27.126	-9.646	-0.849
27.487	-11.475	-2.564
21.963	-10.495	-2.669
20.664	-11.024	-2.362
20.054	-11.817	-3.52
19.317	-12.778	-3.331
19.729	-9.875	-2.045
19.454	-9.879	-0.574
18.14	-9.254	-0.284
17.116	-9.987	-0.19
18.204	-7.923	-0.03
20.313	-11.342	-4.732
19.823	-11.925	-5.964
20.538	-13.176	-6.332
20.06	-13.848	-7.214
19.866	-10.959	-7.159
18.714	-9.95	-7.137
18.969	-8.665	-7.904
18.298	-7.671	-7.645
20.004	-8.623	-8.736
21.657	-13.457	-5.645
22.494	-14.627	-5.854
23.248	-14.601	-7.188
23.475	-15.616	-7.83
21.782	-15.922	-5.559
21.15	-15.871	-4.181
20.833	-17.335	-3.816
20.247	-17.605	-2.42
21.133	-17.181	-1.339
23.634	-13.385	-7.602
24.414	-13.1	-8.824
25.894	-12.924	-8.395
26.504	-11.814	-8.345
23.902	-11.828	-9.484
22.438	-11.903	-9.764
21.985	-10.653	-10.441
20.652	-10.851	-10.97
20.266	-10.342	-12.149
21.097	-9.573	-12.887
19.022	-10.608	-12.601
26.429	-14.079	-8.042
27.753	-14.224	-7.517
28.885	-13.626	-8.333
29.749	-12.966	-7.811
28.055	-15.685	-7.148
26.954	-16.406	-6.434
26.399	-17.585	-6.788
26.316	-16.014	-5.223
25.445	-17.954	-5.877
25.39	-17.025	-4.887
26.446	-14.918	-4.392
24.623	-16.985	-3.717
25.663	-14.842	-3.256
24.717	-15.84	-2.959
28.94	-13.896	-9.612
30.023	-13.396	-10.434
29.897	-11.899	-10.596
30.894	-11.172	-10.538
30.057	-14.143	-11.798
30.772	-15.481	-11.611
30.283	-16.501	-11.169
32.052	-15.369	-11.709
28.645	-11.43	-10.742
28.415	-9.997	-10.853
28.776	-9.241	-9.587
29.315	-8.131	-9.648
26.966	-9.645	-11.218
26.645	-10.247	-12.567
26.059	-11.647	-12.513
26.452	-12.613	-11.783
25.1	-11.721	-13.433
28.388	-9.791	-8.439
28.7	-9.101	-7.189
30.222	-9.007	-6.949
30.681	-7.987	-6.439
28.033	-9.777	-5.994
30.978	-10.082	-7.306
32.439	-10.162	-7.164
33.144	-9.06	-7.946
34.041	-8.432	-7.451
32.984	-11.53	-7.541
32.71	-8.8	-9.163
33.228	-7.739	-10
32.929	-6.367	-9.356
33.864	-5.552	-9.219
32.666	-7.911	-11.414
32.65	-6.621	-12.205
33.416	-9.021	-12.136
31.639	-6.125	-8.938
31.221	-4.873	-8.293
31.975	-4.574	-6.952
32.374	-3.445	-6.622
29.704	-4.891	-8.01
29.239	-3.514	-7.56
29.124	-3.176	-6.361
29.141	-2.638	-8.533
32.14	-5.588	-6.104
32.847	-5.424	-4.81
34.29	-4.936	-5.025
34.862	-4.263	-4.213
32.931	-6.807	-4.06
31.65	-7.277	-3.306
31.691	-8.809	-3
31.501	-6.45	-2.013
34.899	-5.363	-6.121
36.305	-5.08	-6.481
36.537	-3.621	-6.846
37.642	-3.085	-6.812
36.858	-6.045	-7.567
35.48	-2.986	-7.204
35.509	-1.581	-7.572
35.339	-0.705	-6.328
34.308	-0.015	-6.212
34.191	-1.39	-8.248
34.188	-1.044	-9.668
34.529	-2.201	-10.482
33.943	-1.98	-11.845
32.964	-3.012	-12.207
36.3	-0.741	-5.398
36.177	-0.072	-4.093
37.562	0.306	-3.556
38.584	-0.349	-3.84
35.547	-1.059	-3.038
36.309	-2.306	-3.037
37.56	1.335	-2.712
38.719	1.719	-1.948
39.256	0.464	-1.236
40.464	0.162	-1.258
38.385	2.837	-0.941
39.676	3.252	-0.246
39.551	4.242	0.902
40.833	4.749	1.405
41.504	4.202	2.423
41.065	3.114	3.056
42.658	4.747	2.803
38.294	-0.284	-0.642
38.528	-1.503	0.134
39.475	-2.454	-0.585
40.522	-2.863	-0.066
37.188	-2.202	0.502
37.339	-3.579	1.081
37.911	-3.902	2.282
36.729	-4.764	0.6
37.836	-5.258	2.501
37.073	-5.813	1.497
35.97	-5.013	-0.506
36.59	-7.111	1.357
35.639	-6.344	-0.733
35.909	-7.39	0.2
39.108	-2.779	-1.832
39.915	-3.699	-2.655
41.288	-3.128	-3.002
42.322	-3.811	-2.972
39.225	-3.928	-3.964
39.896	-4.92	-4.839
39.645	-6.275	-4.714
40.745	-4.475	-5.859
40.187	-7.194	-5.619
41.269	-5.36	-6.782
40.968	-6.724	-6.66
41.428	-7.55	-7.626
41.275	-1.851	-3.375
42.524	-1.167	-3.736
43.51	-0.989	-2.563
44.713	-1.05	-2.77
42.236	0.193	-4.436
41.714	-0.059	-5.836
40.516	-0.042	-6.078
42.588	-0.509	-6.711
43.009	-0.706	-1.366
43.862	-0.544	-0.21
44.332	-1.906	0.382
45.459	-2.025	0.875
43.097	0.268	0.829
43.556	1.672	1.238
44.477	2.454	0.304
45.622	2.706	0.711
44.016	2.901	-0.9
43.462	-2.94	0.401
43.847	-4.265	0.96
43.406	-5.342	0.018
42.47	-6.093	0.332
43.231	-4.625	2.35
41.842	-4.345	2.376
43.878	-3.788	3.416
44.096	-5.418	-1.119
43.784	-6.343	-2.217
43.818	-7.844	-1.897
42.884	-8.557	-2.246
44.726	-5.975	-3.355
45.834	-5.135	-2.72
45.407	-4.731	-1.319
44.841	-8.341	-1.186
44.888	-9.779	-0.863
43.766	-10.304	0.017
43.232	-11.38	-0.219
46.231	-10.225	-0.277
47.379	-10.108	-1.311
48.566	-9.96	-0.981
47.049	-10.086	-2.604
43.518	-9.571	1.096
42.383	-9.811	1.974
41.006	-9.623	1.219
40.123	-10.512	1.315
42.372	-8.912	3.18
41.067	-9.116	3.905
41.063	-8.389	5.2
39.971	-8.766	6.084
40.046	-8.384	7.351
41.082	-7.633	7.725
39.075	-8.686	8.224
40.807	-8.479	0.484
39.576	-8.274	-0.285
39.353	-9.461	-1.243
38.277	-10.02	-1.371
39.571	-6.941	-1.022
40.401	-9.902	-1.905
40.293	-10.994	-2.827
39.941	-12.31	-2.197
39.199	-13.089	-2.793
41.297	-10.937	-3.918
42.458	-11.83	-3.856
43.602	-11.13	-4.576
43.124	-10.306	-5.76
44.007	-9.191	-6.107
40.371	-12.519	-0.936
39.983	-13.747	-0.223
38.464	-13.731	0.121
37.723	-14.728	-0.025
40.813	-13.98	1.056
42.255	-14.464	0.844
42.79	-14.988	2.168
43.121	-13.898	3.07
44.198	-13.122	3.011
44.348	-12.109	3.825
45.121	-13.314	2.096
38.015	-12.572	0.568
36.608	-12.393	0.924
35.731	-12.458	-0.326
34.668	-13.119	-0.403
36.452	-11.083	1.704
34.969	-10.766	1.933
37.156	-11.21	3.06
36.206	-11.815	-1.361
35.484	-11.833	-2.637
35.35	-13.268	-3.223
34.307	-13.671	-3.753
36.035	-10.843	-3.683
35.663	-9.37	-3.357
35.52	-11.249	-5.088
36.542	-8.339	-4.071
36.417	-14.045	-3.184
36.343	-15.423	-3.653
35.352	-16.226	-2.856
34.751	-17.166	-3.361
37.735	-16.031	-3.482
38.5	-15.418	-4.489
37.744	-17.537	-3.732
35.268	-15.919	-1.563
34.369	-16.642	-0.653
32.891	-16.411	-1.051
32.009	-17.32	-1.06
34.694	-16.254	0.83
36.052	-16.574	1.095
33.854	-17.044	1.828
32.617	-15.165	-1.414
31.274	-14.78	-1.859
30.988	-15.366	-3.229
29.855	-15.727	-3.549
31.156	-13.237	-2.004
30.778	-12.464	-0.755
31.505	-11.314	-0.424
29.686	-12.802	0.048
31.182	-10.571	0.708
29.342	-12.069	1.188
30.089	-10.928	1.503
32.036	-15.377	-4.058
31.902	-15.895	-5.403
31.606	-17.391	-5.429
30.688	-17.833	-6.13
33.065	-15.623	-6.361
32.436	-15.653	-7.758
33.381	-15.709	-8.929
34.43	-14.918	-8.477
35.548	-15.488	-8.091
35.736	-16.809	-8.298
36.514	-14.738	-7.491
32.407	-18.157	-4.669
32.304	-19.603	-4.643
31.42	-20.213	-3.592
30.91	-21.286	-3.818
33.669	-20.282	-4.538
34.178	-20.039	-3.259
34.583	-19.7	-5.581
31.285	-19.617	-2.427
30.531	-20.28	-1.396
31.355	-21.43	-0.748
30.798	-22.251	-0.054
32.696	-21.473	-0.904
33.587	-22.5	-0.295
34.703	-21.783	0.443
34.85	-20.58	0.296
34.327	-23.25	-1.434
35.208	-22.348	-2.104
33.353	-23.719	-2.501
35.535	-22.527	1.15
36.621	-21.976	1.939
37.951	-22.064	1.234
39.02	-21.926	1.796
36.711	-22.694	3.308
35.63	-22.383	4.311
34.672	-23.249	4.753
35.404	-21.139	5.019
33.878	-22.641	5.71
34.291	-21.348	5.895
36.076	-19.916	5.055
33.853	-20.382	6.805
35.651	-18.989	5.971
34.533	-19.194	6.789
37.902	-22.278	-0.041
39.15	-22.407	-0.784
40.176	-21.295	-0.666
41.322	-21.621	-0.788
38.922	-22.672	-2.282
38.151	-23.968	-2.47
37.6	-24.208	-3.518
38.069	-24.778	-1.392
39.79	-20.016	-0.515
40.743	-18.903	-0.476
41.603	-18.953	0.744
42.684	-18.403	0.783
40.086	-17.525	-0.63
41.075	-19.655	1.733
41.641	-19.808	3.068
42.444	-21.09	3.311
43.096	-21.22	4.345
40.545	-19.565	4.153
40.127	-18.1	4.192
40.88	-17.176	4.95
39.07	-17.643	3.421
40.494	-15.839	4.995
38.705	-16.29	3.421
39.405	-15.405	4.221
39.02	-14.069	4.242
42.385	-22.01	2.34
43.06	-23.321	2.317
44.537	-23.173	2.199
45.374	-23.845	2.841
42.752	-23.91	0.977
41.9	-25.145	1.109
41.147	-25.266	2.442
39.849	-26.03	2.101
38.913	-26.283	3.222
44.801	-22.327	1.231
46.147	-21.929	0.979
46.72	-21.417	2.318
47.588	-22.073	2.943
46.123	-20.933	-0.209
45.481	-21.763	-1.323
45.937	-22.908	-1.658
44.285	-21.334	-1.692
46.089	-20.368	2.828
46.521	-19.748	4.059
46.337	-20.674	5.247
45.857	-20.192	6.306
45.689	-18.513	4.217
46.173	-17.452	3.267
47.07	-17.973	2.141
44.951	-16.9	2.646
46.543	-21.9	5.053
